980227
990926
991025
000405
010416
990630
980402
001201
991020
000115
980725
010725
000805
980216
000330
990718
991018
990803
980425
000227
991116
981001
000630
000427
990527
000626
980210
980409
990129
990101
990416
980608
011123
001126
000913
001124
980606
010129
000731
001103
000120
000606
000206
011024
010802
990228
981021
990811
011124
981026
990407
000101
981029
010430
980822
011218
981113
000623
001114
990708
980511
000826
980714
980425
001110
011204
980831
000203
000810
990323
991029
981221
990605
011116
990824
001123
990418
990513
980619
980206
000929
010614
000306
980812
000216
000108
980813
000824
991021
011022
010817
990704
990707
000219
980315
980601
980211
000731
010618
000115
011110
980502
000925
010127
980901
000716
990731
990316
000129
991120
011115
010708
980725
980325
990215
001013
991114
011030
000120
980325
000124
011205
981121
980312
000404
010907
990329
980714
010523
000105
000529
001130
980224
980320
990323
010503
010405
010624
990116
000717
000903
000219
010206
990910
981010
980305
011228
990814
000304
991221
980901
990123
010316
000302
000617
010829
990304
980111
980412
981025
000714
011227
000424
011107
990524
011111
980522
980919
001005
990123
010629
001125
010314
990514
991227
980416
990424
010604
011109
990326
981128
980823
010513
010921
000703
980602
010618
000321
980202
010222
010202
980516
011121
011018
010209
000618
980304
001105
000910
000227
010226
000825
000523
981219
000417
990821
980610
010412
010205
010507
000905
990306
010508
001124
001030
980917
990713
990508
980228
980708
990401
000105
001119
980323
000124
000119
990818
991003
991110
990926
010910
000602
010324
001228
000319
010217
990602
980710
981118
980307
010202
991122
010925
980906
991101
001220
990314
000106
000928
981019
000812
000401
001217
991114
010914
011005
980116
011118
010817
981104
010904
981105
991207
980201
000208
981012
990130
990627
991119
010811
001214
981229
000817
000214
011218
980527
991126
990524
010716
000920
000717
010215
010624
990902
980512
000614
990704
000704
010505
980928
990317
980107
010302
000602
001212
011223
980530
000120
980819
990101
011230
000422
980704
990828
000306
000903
001230
000531
000824
000405
990428
991124
990907
990614
000603
000504
991114
991209
010725
991005
010731
980126
980508
000110
010531
010924
011108
990625
990918
980306
990706
000416
001221
990501
991015
000509
990728
001008
990711
000708
000916
981225
011130
000618
980428
000420
991219
990104
000302
000104
001021
990829
000908
000723
991031
010915
000525
991111
001214
000202
980716
990918
010323
990503
001003
990907
981122
001231
010619
010714
001124
010319
981010
980427
990329
991101
010316
980722
000110
000114
980903
980520
000715
980213
001125
990925
990212
010430
010720
011119
991217
981217
001211
010813
011205
980409
980126
001225
010623
001128
991022
001005
980222
010124
991117
001031
980622
991225
990814
010823
000502
980314
001009
000903
001021
990529
000925
010601
001123
990722
011009
980405
010711
990416
000917
010214
980428
000120
980511
000614
980625
991018
000212
000605
010128
010619
010319
000630
980326
990618
990410
011013
990424
000402
981102
000902
001227
980405
001109
010122
981211
980922
981213
981020
990114
011005
980728
991027
990731
000827
010303
010519
981021
981009
980120
990502
990908
990625
991229
981130
010327
981231
010809
000412
010911
011121
980807
000826
981128
980303
010823
990401
010907
990417
000613
010212
000315
980413
010104
991026
990617
000422
010801
000211
010119
010301
991123
981120
010202
000719
010510
990427
981026
980809
980113
990513
990726
010710
980718
980327
010316
990509
991015
000221
000828
010620
000111
011031
001017
010818
010215
010224
980630
990619
990624
011227
981012
991208
010401
980618
990503
990612
990816
001106
990417
980320
981225
001111
990913
990216
980125
011003
010324
000914
981115
990520
010817
980326
991018
990712
981018
001109
990216
990407
011225
980325
980727
010529
011012
000331
011110
980417
980328
010510
010813
001130
010525
010210
001014
000419
981223
000903
980508
001225
980529
000223
990803
990616
001123
010715
990122
980417
990318
011109
010110
980831
010712
990330
980416
010810
010914
000729
980622
000329
010616
990209
991215
990508
990712
010424
000516
010929
000412
980209
990709
010228
990918
981012
000509
980310
011211
000318
990607
991020
980323
980725
000612
011208
990316
980321
980707
000924
011202
010802
990504
991006
991027
981118
010828
980518
000105
000713
981128
981225
990108
001125
991029
000620
990104
981127
990414
011225
000612
980608
981108
980810
001111
010114
010108
001121
981118
000812
991122
991005
001126
990407
980817
000827
000517
981124
980122
010331
991020
000124
990705
001009
010320
980904
000204
981018
980704
980310
980312
001025
010330
010829
010212
000515
991010
990910
990928
000420
001002
000727
001106
010626
991011
980328
011112
981125
990131
981018
000811
980206
990207
980311
990226
000406
980102
990503
000315
990913
010221
980304
990626
990713
000809
000325
990407
990312
981118
000422
010725
991009
001106
010323
000425
980411
010625
010726
980923
980919
980702
000501
981201
011007
980403
000520
011010
001106
980708
000826
991120
980103
010717
990913
001111
990112
000407
000515
010521
010301
990531
000418
991207
001003
990605
010118
000615
010509
990115
990118
990409
010126
000206
990823
990910
000905
980721
990325
990121
990804
000303
990330
980222
980908
010326
000118
010221
980607
990516
991104
010225
010928
980412
010623
000429
000520
000611
000413
981015
991213
981229
990806
010331
981030
980322
010628
990512
990411
010420
991212
010208
000726
990216
981229
010302
980712
010804
010528
001103
990729
000403
980909
990124
980528
010214
990111
001013
990109
010708
980306
010928
980527
990222
991225
011005
981222
000623
010914
980322
010625
010528
001206
000524
980904
010814
990602
980216
980407
990308
000206
990216
990926
010718
990220
990426
011015
980908
980417
011230
990921
991227
001225
010506
990307
980207
991001
011021
991019
990915
990420
000308
980627
990819
000418
010214
010504
010818
991213
980226
010119
990811
011125
981009
000123
000419
010810
980818
980429
990226
990620
990212
010308
000314
000714
980605
980216
010906
011113
001216
010914
991117
000726
980405
991103
980724
000913
010104
010525
990915
990404
980226
010226
991129
980124
980221
000401
980715
000629
000801
990626
010720
010823
010418
990804
001022
010208
980805
980201
010405
980126
010104
000916
000426
990919
000630
990525
000203
980213
990322
981206
980906
000307
990928
990113
990729
000107
980609
990103
991030
981115
980406
990811
000530
000601
000516
980629
980823
001014
010427
990315
990629
000327
980501
991227
000130
981111
010809
001212
980527
990219
990824
991003
000117
000418
990502
980221
991220
001027
000826
010223
991217
001209
980316
011228
980429
001228
981211
010601
990226
990913
980506
990407
000612
011130
980825
981011
001107
000830
000122
980630
980126
980825
990803
990325
980901
010414
980508
990416
001202
990702
990826
010917
980823
000309
000629
990719
001024
010228
001205
990919
991223
980928
010526
990930
990131
000919
981111
010424
990130
980211
000904
980720
980208
010824
010610
010228
010330
000413
981026
990515
000413
981010
010622
011203
981206
001101
990309
990106
990214
990430
000330
991227
011104
980124
980512
000113
010906
000112
981007
980607
990124
980424
000926
990323
990819
980522
980506
980228
980831
980509
991109
991208
010301
980110
990904
010403
000905
990208
980304
000913
980505
011117
010514
000723
981121
010911
980213
010716
981227
990602
010508
990906
000111
990119
010627
000619
010310
000218
991011
990705
991101
000204
010324
011212
990821
981105
010227
981006
000609
011220
000702
980416
990720
010318
981227
990207
991127
010606
980403
000710
000705
000110
991030
000415
010427
010914
010307
980817
000128
000321
010514
000526
981215
010202
000619
990820
980717
000731
980606
010922
010928
980830
011002
980813
980111
980217
980406
991105
990609
991017
010409
990414
981120
010120
010715
001006
000409
000623
980729
990414
010324
000824
001111
990303
990302
010118
010502
990919
001125
000119
980411
010129
010828
990127
980808
990512
010521
991114
990116
010817
011106
010225
980302
001026
010930
981022
990906
001014
011127
011122
000928
980206
980915
011027
001208
010316
980901
000412
991031
990626
001031
991010
981008
991001
990524
010429
981112
010303
010725
990605
000620
991123
000522
011223
991103
010331
990205
991214
990402
000509
980809
000915
010927
980428
000511
010121
981117
011106
990131
980106
000829
000215
980920
990709
010309
980204
011203
991004
990402
980304
011004
010915
010801
001020
010310
980110
990124
001017
010331
980714
001024
990505
001210
980209
000531
000411
000917
001029
980125
000418
980429
010903
990626
991111
010204
010825
011204
990916
980720
980621
010311
980222
980419
980208
981023
981126
011109
000623
010508
011016
980205
010918
010819
990604
000408
990910
010618
000721
010325
000706
010918
000804
000321
010623
990703
010605
990907
000113
001006
011018
000314
010628
990316
010625
980906
010910
990316
010720
991109
010929
000410
001220
980104
000813
990510
991128
980403
981027
010818
011117
000515
000330
000104
981128
990708
011212
991022
001103
010914
000219
010505
990818
000207
990131
010605
991118
010829
010227
980411
980406
980911
011129
990707
980516
010221
000107
990801
990102
011111
000515
010421
981025
011002
981027
980405
981127
990923
000125
980228
980707
010314
991122
980914
000528
011123
010218
010128
991007
000514
000109
010712
980919
991002
000407
000108
990210
990207
010224
980501
000125
001118
010531
980830
991216
010430
011225
990510
980530
980625
990720
000603
980802
980908
991211
981211
980720
990521
990604
991113
010704
990916
010719
010130
000124
010314
010809
010828
000420
000218
010925
991116
991207
990730
000801
981210
980622
990319
000215
011201
980112
980215
990426
000217
011119
010825
980610
000526
000325
990831
010609
010703
981007
990214
990611
000617
990901
990325
991113
990301
000612
011212
990807
980501
980622
000514
010420
010329
001027
990424
010908
991214
990404
010913
990809
980826
990513
010728
010709
000921
980901
010513
981116
980620
001019
010115
001208
991225
990705
010318
990410
011228
010212
990316
000210
981026
000910
001004
980411
001206
980523
980828
990328
010831
000830
980705
010331
981208
990418
001111
000410
980407
010406
010922
990530
991228
001125
980223
001104
000829
990706
991224
980929
981207
011127
980127
011120
980504
990926
980704
000417
000401
990429
000229
980217
000428
990614
980403
990905
991004
000113
011225
010930
980811
990918
990311
010708
000810
981224
990526
990422
991106
011207
011027
010528
000314
980508
010105
001214
000906
980518
980127
990626
000529
011227
980209
000128
011206
010828
001127
000130
011228
980412
991203
980309
001224
010916
011120
980224
000916
000715
990309
010213
000626
011109
981009
980620
001231
010309
980328
990820
991005
980207
000317
000601
000705
000220
980901
991021
990122
990111
010722
010126
001017
981221
011227
000227
980710
010205
990902
981007
011018
001029
010801
981218
991227
000805
990416
000924
991007
990305
991117
010211
980506
010619
011019
010719
980908
011229
981217
000722
010618
990507
991027
980321
010402
980927
000402
991223
990929
990927
001211
990822
990607
990726
990525
980805
990714
010519
001001
990827
980506
011130
010828
980516
010824
980926
980526
980829
980316
000923
010710
990628
010109
010930
990201
000920
000525
001111
991027
980115
990925
980121
990725
000316
001007
000917
990320
980723
000719
980119
990513
010720
990329
990402
000513
990825
990604
000501
011012
010920
000218
980314
980504
010111
981215
000701
990807
980308
010402
980924
980621
010522
000130
991126
010218
980220
990922
990218
010408
980502
980802
981207
990611
000824
991127
980915
011009
991124
990113
000331
981125
980720
011130
010425
980918
000521
000108
981109
980223
990621
010419
010115
990911
010101
000710
010214
000518
010519
001203
010927
010403
000204
000428
001217
011206
990726
011006
991113
990808
000415
000507
981206
011111
011220
991125
990614
981008
010702
981211
990208
980502
980213
980204
010914
000420
000218
001209
980225
000905
981027
001030
991114
000610
000506
010430
011023
980326
010816
010113
980616
990706
990114
000420
980608
990906
990423
990423
010307
010207
010512
010906
010502
981010
011212
990208
981119
980503
001117
001004
000503
001228
990703
990225
990119
000115
980430
981005
011108
980827
001116
980129
980325
000430
010122
000708
001202
980601
990218
980414
981015
990207
000505
980711
010112
980507
010502
000811
980303
990614
001010
010126
990923
981111
001001
011216
000501
980618
991202
990123
000407
010911
990421
000313
981225
000807
980410
011016
011208
001018
010615
990102
010118
000306
980929
011012
990504
980902
981005
010926
001027
980624
991217
010319
990428
000208
981120
000304
990218
980108
010621
980705
990402
001204
980425
991227
010826
980201
981223
990226
000824
010127
011021
990429
000722
000916
980226
010408
011226
980210
990611
000321
001206
991226
010316
010802
990102
010130
000806
001130
991101
010110
991215
981219
000316
000208
010808
001109
010427
990214
980625
010614
980716
010305
981014
000904
001107
981101
000903
990316
000609
990706
000515
000627
000902
991019
010307
001217
991121
000809
000127
990204
000823
011128
011105
990920
980719
010713
991107
990705
990227
010516
980728
980924
011125
000127
980302
011225
001010
010206
001116
000118
010118
000130
980316
991029
001022
010809
000105
000224
000825
000426
990528
991023
000607
010205
001124
990711
990328
000706
000604
010701
980916
000902
980610
980114
001014
991214
990325
981224
980425
000229
991202
990722
980915
991102
990217
010305
980804
000213
001110
001230
980306
010428
981122
011216
980810
011110
001130
990513
991008
010111
000812
990530
010430
000702
980921
980309
991001
000524
990929
011108
980704
980110
991006
010223
011013
000228
000101
980203
010902
010403
010526
980110
990430
000716
010907
991130
010209
990711
981118
000306
990624
010121
001028
010429
991025
980517
990918
991109
991129
990116
000701
000620
980901
981002
990211
010920
000315
010312
981114
010827
990508
980514
980425
990312
010420
990309
001213
990620
980209
991120
990816
991113
980507
981218
010329
980819
980401
000215
000228
001024
991112
000318
980729
000902
001213
001002
990127
010613
011125
980907
000105
000228
990504
011127
001009
981120
991105
981212
990926
000228
000206
000313
990103
990224
010322
000826
011030
000810
990311
000630
980703
010829
980325
010403
990510
010213
991010
010704
991108
990216
991031
000817
010614
990904
000821
001104
001002
991220
990912
980410
000719
980415
991223
010415
011210
001021
011128
980917
011227
001130
010412
990804
990716
980219
010524
010324
000801
980318
001114
981228
990419
010202
990425
000318
010514
980107
981230
990426
990826
010629
990706
980509
011218
010211
011206
010715
000202
000328
010126
000128
991002
980420
980912
000304
990706
010601
000216
991019
010128
980619
001119
980521
980401
010525
010314
000101
001010
010423
981028
990910
010913
010328
010501
011229
991217
990912
980328
010109
010105
990622
991127
011124
990213
980111
010912
990610
980223
000421
981111
980528
980903
000222
990308
990831
990312
990610
001101
990902
000126
011022
990928
981019
010218
990908
980526
980206
980128
990415
991127
010917
010913
990422
000714
980225
990714
990301
990303
990721
990917
000823
980402
010616
000516
990713
010529
011117
010101
010810
991208
991022
001106
000404
990515
010809
990901
010706
010628
010617
991216
980608
980312
980719
011106
011221
011215
991106
010927
010324
010724
990816
010402
980506
980109
001230
010430
000811
010204
000803
000411
011115
001025
980815
010914
000623
990507
990629
981209
980814
991113
000623
000309
980731
990419
001008
980126
001210
990212
010529
010912
000721
981110
990113
980908
981108
991127
980112
010425
990312
981231
990709
980803
990718
981224
010610
011027
990610
990106
980430
990423
981119
010120
981104
011011
980530
000403
980305
000130
990331
000728
980914
000421
010421
991102
990922
990102
011222
990530
980426
001030
011109
011018
001112
980102
011205
980627
001027
990908
980930
010308
980401
010228
980922
990902
980303
990830
011127
000928
991116
010910
990529
011231
980617
980524
981229
010903
010317
990619
010624
000819
010302
011020
990825
010426
990823
981016
011111
991111
000227
000403
980116
001017
010314
990815
001104
010824
010225
000506
000615
990629
000928
000621
980721
990503
011011
990404
001202
980430
010527
010123
000902
000822
981017
001026
991222
980807
990220
000418
981209
000427
991017
991203
980313
990515
011010
000206
010929
980829
000221
000618
000812
990716
000128
991126
010630
981209
010329
000201
000126
010310
001118
011223
981128
010711
991130
990714
011109
980613
980702
010105
990621
000614
991202
980608
010706
001215
011215
980727
011214
980511
981218
981006
001031
981205
980501
000515
010318
990420
980201
011025
980605
980815
981003
980724
010209
991031
980306
990401
980719
000629
000927
010416
990630
990917
010403
990805
010412
001127
981024
990130
001113
990923
990113
981102
011002
010514
010910
000910
010417
000213
000925
981129
000819
990607
980115
010204
010427
980219
980708
010403
980427
980226
010101
980501
980207
980831
991225
990808
991204
990826
010624
011108
010719
010105
990308
980421
010203
000304
990122
000105
011028
980802
000710
011104
011129
990923
990705
011012
000202
980730
980726
990409
001211
980426
981203
980413
990412
990818
990831
990707
990503
001001
000224
011206
980225
991015
981213
991225
000904
980820
980709
991030
010209
010105
991005
000223
980829
990116
010908
990904
011023
980220
011002
000422
011018
980808
980611
010530
000114
981123
990513
991118
980203
000731
010222
980506
981123
990503
010805
980221
011107
990707
010318
011208
010615
001018
000503
980218
011112
000930
990119
981019
990228
000816
990729
001113
991015
980417
000818
001022
990417
991209
991102
980518
980309
990815
010128
980930
010830
000807
010927
000731
980530
990227
990802
990703
010515
980921
010513
991111
980629
990806
990306
010108
980405
980320
991207
990619
010531
010825
001012
010425
000904
000113
010523
980604
981116
010518
010328
990930
010606
980723
980921
990829
980423
011201
010313
980308
981120
000131
980220
010401
991106
011125
001125
991125
981022
980212
000703
990907
980922
990411
980329
981112
011213
980718
981108
001221
000318
980405
001227
980627
990504
010104
981123
000904
010525
990913
990918
990321
000506
980106
990814
990121
991201
010424
991231
990618
990105
000916
001006
990214
980224
990326
000816
011123
980309
980818
981006
000927
980827
000329
990120
001122
000303
980709
990422
980302
990208
010220
991011
981113
980606
000616
000709
980217
000310
981031
981215
011202
990615
990320
000918
980819
980917
010104
010627
010111
010507
980928
990925
001202
990913
010707
010810
000907
010318
000626
011002
990524
990417
980711
980504
000422
980227
980719
010807
990510
011016
990906
981230
981017
980403
000218
010105
010501
990212
000602
990124
010224
980904
981002
981018
000213
000114
010415
981227
010406
981005
990313
990419
000923
980224
010701
990606
991219
010310
980423
990404
000817
011026
011026
010321
990913
000319
990328
990607
010630
001119
990506
011111
980719
980331
980603
981229
000402
980904
990220
010101
010420
010907
980831
001013
990615
980404
000828
980806
980926
011228
980215
010601
990427
011113
010719
980815
000322
991125
001113
001211
010312
991110
000925
980928
000911
000625
990404
981102
010721
000401
010122
010225
010724
010505
990504
011112
000617
990514
000206
010511
010402
010216
011114
991019
981130
011211
990404
990417
010530
991226
010309
000410
000812
000108
001224
000105
991102
001104
000730
980516
980811
990619
990614
001031
000702
990627
980327
010927
001225
981102
010813
011119
000105
981125
010721
980811
980423
010213
990319
990228
990209
010629
011023
990419
000805
001031
991111
981111
010220
981013
980101
980120
010206
000302
001001
990530
010126
010125
981111
981030
000301
000229
000522
981219
000101
990905
980413
000526
991227
981013
990703
980719
010506
981101
991019
991126
001223
000929
001010
010226
000321
000416
000422
000505
001204
000717
000725
010703
991008
990106
990415
991030
980503
011112
010206
010427
980209
980603
980815
980328
990609
980725
990605
990505
000422
001109
010107
010302
980725
990626
980725
980524
010608
010320
980116
010520
980811
981108
990902
991223
011003
001111
010612
011021
980131
010226
001005
000506
991111
001208
980525
010720
000603
010814
991126
011120
980714
980212
000901
000511
980208
980927
010904
980928
000427
981208
010605
000316
980921
001119
001224
980103
011011
000607
990105
990314
981130
001213
981221
980808
010218
991127
011213
990720
000216
010325
000603
990429
010916
010406
010426
991127
990625
010410
980709
981008
980918
001014
980315
990802
980817
980820
980511
000126
980430
991005
010516
981209
010305
990825
010421
991026
990226
980612
990224
990506
000121
010212
991113
000101
010713
010911
010203
010603
011124
001122
981108
001226
010211
010606
990520
001221
990228
010516
990120
980915
990116
010719
010318
990509
000329
980507
991223
000303
001218
010215
991007
981013
000825
980428
980516
011130
990103
000623
980904
001113
990628
990405
011112
000607
990416
010909
990816
980327
010306
011226
980723
010906
980630
980206
981004
000101
000622
990518
980605
010418
010117
980713
000112
990802
991127
010315
000522
000530
980512
980526
980326
991113
990528
980520
990608
991222
981125
000810
990114
001124
010102
980424
000509
990408
990523
000407
000902
010202
000205
981211
010216
010928
000601
981003
990725
991209
000801
991031
001011
990312
000808
991212
000923
011215
980607
000416
980410
990721
990221
990128
011202
981108
980523
990720
010830
990112
990601
010123
990501
980228
980816
990831
990316
980622
980803
000612
980314
990519
001222
980104
010522
990822
011207
990129
010901
001013
000117
000222
980226
981101
011215
000806
990530
991220
010227
980302
001103
010727
981129
980530
980724
981215
000418
980218
991127
980401
011217
990521
010531
981014
980726
000506
980618
990725
010917
000616
980226
990927
010120
991101
000107
011227
011013
000818
980210
000115
000608
000521
001125
010118
991027
980706
000706
981125
010702
990131
981103
000109
010215
990827
980816
000627
980306
010716
980106
990705
990612
000802
990609
011108
980416
991024
000112
990209
011125
010205
000309
010505
000109
000902
980926
010928
001009
980106
990420
990510
010315
981105
000216
010328
991126
981012
001006
980925
000613
011118
980922
010228
990215
000922
991010
990318
980105
001027
011227
980201
000410
000509
001011
000202
010920
980209
980526
000405
980831
990727
000121
981110
000515
011009
000128
000318
010807
980531
000715
010822
990226
010731
000805
010825
980214
010925
990915
990107
990421
981027
000209
980221
000105
000630
990513
991113
980415
010617
981122
000325
010203
980412
990314
980518
000424
990111
011130
000213
990702
980507
991003
000729
011117
010107
990628
980829
991012
000515
000202
000714
010722
991031
000611
990111
010116
990323
980329
000418
000107
010525
981118
010410
990127
000419
980419
010127
000927
010316
980701
011229
001012
990720
000420
980628
990910
990513
980801
000904
010704
010417
010520
010702
000711
981027
000801
001119
980704
980418
000131
980301
990402
000322
980716
001129
990115
980530
011101
990221
980928
000201
980215
010721
000208
990409
010901
991014
010222
011115
980819
010512
980530
980306
000808
990115
990320
990910
000514
001213
980414
000628
980805
010716
990129
981022
990212
980826
011226
010330
010228
010525
980417
010615
990715
001228
011105
000229
980914
990219
980128
010129
980429
990613
981004
010617
010731
010811
980604
010929
000401
010807
990604
980910
000103
980220
010117
001116
000124
000511
010414
010121
980623
010430
990402
990524
991231
990618
981124
981127
001022
980524
001121
011102
990706
001127
990304
980131
000121
011216
000922
990217
001226
990111
001109
981109
001103
980910
010115
010122
990521
000924
000314
980619
011101
010304
990915
990411
980605
980730
010217
990914
000519
000223
000510
000524
001106
000324
000102
990816
990525
000108
981007
011005
000517
010510
990122
010115
980709
010103
010113
980213
981221
000224
990623
990630
980908
990711
010301
000203
010924
980531
980517
010419
990101
990912
991020
010307
980530
000917
010706
990208
990924
010123
980320
980210
980114
981011
990202
010910
000520
980612
000627
010419
001103
000220
990205
990609
980630
000525
010524
981125
001112
010619
010714
981213
010625
011023
990227
990128
000626
001210
010418
000729
991225
000116
010211
990423
000228
991119
010120
991108
000219
010618
010121
000421
980514
980109
990522
980922
010915
990831
990202
990310
981106
980815
000419
000616
010306
011106
000427
000911
000101
990102
980530
011226
990909
991117
990603
010215
980203
000512
990802
000201
980430
010217
980625
980428
011025
010205
990405
011104
000504
990701
000212
981106
011126
991204
981112
010315
980707
010827
980416
981205
981009
010710
000421
000427
990324
991225
010102
010428
010704
001109
010903
980805
010731
000819
010126
980304
980724
980730
990428
981006
010422
980619
991120
010528
010528
011019
991109
010723
980627
980217
980525
000809
981022
990327
981016
010322
010530
010621
000201
981027
990319
980103
010208
000703
980819
010117
000210
001123
991031
010608
980724
001011
990802
980720
000623
000724
990622
000104
000521
000424
000404
990727
990227
980424
010715
000201
980712
000222
010729
990728
010418
980522
000625
990301
001018
000720
980317
980225
000309
001129
990621
981225
000920
011017
990426
010525
990321
010628
980302
980724
011229
990403
001212
010908
000912
981114
991115
000821
981209
010709
980626
010209
001231
981207
000923
990112
981229
980517
980912
990117
000304
980905
000521
001223
010620
980722
990104
010607
000805
010729
000201
000317
990513
980908
990529
981001
980815
980901
011115
990409
011007
000410
010714
981130
981227
980110
010126
000619
000802
000701
990927
990126
010509
981013
990723
990412
991015
991127
980729
010819
980114
001224
000214
990111
000612
010818
981014
980414
980403
001119
980521
000310
980128
990127
000820
990710
980210
990601
000426
001208
980420
980908
990904
980923
001214
011010
000115
010409
981012
011216
990509
010701
990108
010604
000901
010408
001023
991106
981205
980917
990521
990503
980118
011217
980203
001021
010615
980913
981203
990621
980809
980921
990910
990220
980506
000323
011109
980831
990804
981122
990327
980106
980816
990730
980615
000917
980418
991231
980915
011113
010522
980626
991113
010620
010316
980129
980604
011006
000109
001104
981226
980510
981111
991219
981026
010630
991107
990718
980302
000725
010306
990406
980118
000731
000809
010713
010824
990616
001002
991112
990512
011020
000704
991223
991111
980926
981225
991031
980218
010925
990811
990913
990713
990609
011125
990609
991103
990803
990905
000704
990703
001205
000921
010211
000929
000418
000510
010411
000924
980605
001215
990913
011229
010321
000517
010803
000612
010822
010829
980923
990327
990130
990124
990106
000124
980325
000406
980612
981219
980317
010813
981124
990114
980502
010301
980819
010711
980603
011026
981220
990426
001129
001220
010116
000810
001126
980820
010824
011113
990917
991224
000402
991130
000914
990826
010622
010429
980123
990806
010914
980510
000323
980901
000720
011205
000206
000814
001106
980722
980130
010206
011217
980413
000531
000307
010211
980128
990820
000721
010611
000213
010516
980502
010629
011217
990317
000607
990825
980222
980812
981225
010211
980723
000312
980216
980217
001027
980108
000914
990909
011223
011216
990808
010406
000527
990615
980222
010821
990626
001117
980317
000929
980204
991213
000807
980305
000411
000618
010418
980508
010519
000512
000229
010213
010320
980307
990112
980908
991225
000108
010913
990104
010221
010922
981029
980705
991222
010417
000523
011119
990513
990521
010909
980816
980305
980526
981005
991011
980519
010518
980331
010803
000107
010511
990220
990728
010519
990913
010306
000125
001010
990423
981223
001116
980309
981206
980915
990403
980817
000416
010706
010413
010916
000512
000528
000816
990419
980318
000519
990613
011123
000223
990613
011031
010502
010930
980702
001007
010213
991025
990814
000601
990302
000915
980314
001013
001002
010213
980125
011118
980702
981025
981204
001016
990319
000905
010317
990417
990325
990216
991206
990707
011009
010716
990627
000119
990630
011026
001212
991221
010729
980111
001018
990219
010907
990705
990224
010429
010507
990719
980411
980411
010408
980413
011230
011016
000108
981104
990907
991209
991206
010207
011228
980930
000922
990405
011009
981125
001031
000121
010517
001112
981120
990813
001212
980318
980619
980330
980104
990429
990924
980423
010122
981210
010211
990202
990127
010420
980507
990518
010216
980831
980517
000603
980806
990518
990416
990621
000812
981130
990130
011120
001130
980215
980811
980126
010412
010422
980403
980806
990524
980423
980620
010626
981222
990613
980209
980825
981211
010622
000714
010214
990521
991226
981218
990413
000629
010210
011209
990723
980403
991224
010425
980226
010818
980228
010723
001119
990712
010503
011127
000713
990808
000414
000428
000119
010215
980821
991217
000916
980506
001115
011105
010102
980929
001104
990426
010924
011125
010425
010102
980121
990917
011209
001112
980224
000109
011206
010328
980608
990817
981031
010527
990727
990404
000129
000906
991226
980317
000329
991118
010217
011120
980812
010401
990117
000713
001228
010509
991126
980820
010423
981022
990516
991012
000919
010203
000704
001215
010614
001216
990318
990807
990810
990507
010516
980803
000930
010326
000924
980728
000229
980915
991118
991015
001218
011012
981130
010213
980813
990120
990409
981111
990703
980225
000727
000501
010607
000107
000402
990327
991122
000807
980527
010223
001110
990622
980419
010329
000413
980805
010516
010707
000123
980406
010731
010607
000215
980203
011107
001018
980901
010629
991104
990213
000418
011210
980909
990123
990512
010327
010104
000114
001213
000929
000626
010729
000525
000215
980115
990121
991130
981121
010815
980527
000326
980928
001012
981121
980504
010318
010416
990823
000913
011227
000615
010823
000622
981217
011108
980420
010628
991020
011111
990715
010824
010119
980704
981226
990319
980805
980102
981218
011002
000315
990101
010223
991129
010312
000827
980901
010610
011027
010803
981210
990417
990901
000824
980412
990308
000829
990624
010815
000212
990715
000924
001003
980129
981002
990713
981127
001019
980214
000809
010511
980515
010727
010316
980915
990920
980929
990111
010328
011030
980822
980926
000624
000213
980706
990302
980109
980522
990706
980812
000131
010604
000625
990907
011214
010411
000713
000901
010622
000605
000816
990618
990313
981203
991112
990906
990423
980206
010126
011113
010923
981206
010828
980407
010606
000519
980324
980330
010715
980125
990425
990305
990530
980703
011110
010906
980210
000116
001213
011024
010217
010724
011113
981020
000702
000607
011227
000131
990223
000823
991128
010414
991106
011112
981107
000725
000720
000313
010522
000409
010712
010208
990818
980902
991226
010503
000121
981012
990620
990125
011130
990622
980715
991008
990706
980401
990501
010523
981027
990516
001225
980705
011203
011130
000526
011205
980927
990221
990915
010101
980916
990713
010715
000720
010605
000715
010908
990916
010311
001115
000608
011227
990402
000227
980525
000731
980212
001029
981116
981011
000206
000927
981103
010925
001122
980523
010417
010804
010609
991209
011204
010417
990811
010908
010607
001120
990305
000305
990822
991205
990122
010106
981025
001109
000906
990913
990703
010422
011223
011002
980428
001118
990505
000418
011218
991023
990929
990202
980131
010314
010805
990420
010618
981223
980517
980410
000226
990129
000401
990323
001006
000904
990822
980829
010706
990815
011105
001117
980501
990106
000602
990922
990217
010318
980312
991114
000701
000215
010823
990101
010902
000719
990516
980203
010405
990205
990318
000509
011002
981015
980828
010218
980525
981106
001011
980308
010706
990131
980120
980405
980710
980523
000906
001110
010505
990703
980323
000313
980113
980909
010407
980206
991221
010905
991231
010625
000713
981010
990721
000824
980828
001028
980907
011209
981111
010928
000502
990720
980327
990818
000917
000601
000721
981008
980524
980213
011123
980215
010420
000229
010524
011123
011031
010128
980401
980513
990816
981203
990627
000526
990111
001128
010728
981202
000618
981201
990130
010301
010308
010430
980830
980104
010227
980519
981024
000224
011120
001101
010216
980424
980718
980708
990720
010426
980807
001230
001029
000615
010504
990629
011005
981120
990519
980217
010416
991210
011023
000401
001003
010107
010914
990626
980613
011126
980406
000109
990801
010121
000101
990822
010926
980830
990426
000809
010731
010306
990921
000413
010103
991113
010427
990722
011116
011030
980826
000607
981129
001204
990615
981230
010310
000326
990527
990623
010307
980203
991212
010929
000430
990705
990813
010427
980219
980809
000629
011230
980913
980317
010918
990821
000722
980628
990901
980929
991206
000103
990530
980625
991125
990912
980529
001008
010814
000222
000607
011022
011107
990320
011018
000408
010327
980514
990328
981122
990512
010605
980416
991204
011016
990917
980413
980601
990722
980104
010418
001214
990610
990828
001002
991030
990130
010410
990727
010902
980327
010819
010426
000211
980707
011012
990803
001126
010209
011016
980520
000906
990212
980708
000321
010304
980804
011019
010129
000519
990111
990311
990429
011002
000522
010315
000711
000224
000204
990424
980905
980413
990122
010102
980428
010411
001215
980418
990728
990731
980703
000818
990223
990731
000704
981005
010421
980225
010918
981110
001201
000711
991121
010620
991209
010217
991003
000815
000603
001020
990109
990823
980615
010312
990513
000120
011031
000601
990105
990724
981222
010116
991202
001225
990831
001013
980110
000904
001211
011126
011028
980514
000418
990504
011107
990721
990907
990313
980410
980715
990219
990521
980730
981025
980921
001214
010611
990501
981207
981118
991116
981104
010805
010828
000929
991209
010723
000312
990319
990605
000911
980622
010728
980828
980312
011005
000620
990117
001015
990208
001228
000229
010201
000331
980917
990103
000121
011026
990823
990218
990819
001130
980315
010323
010516
010620
010311
990511
980913
990301
980725
010117
980906
990423
000510
010724
980930
981108
990924
981223
011207
990703
010605
990713
000813
010806
990806
991101
011231
011018
001204
001212
990829
990818
990905
980617
991130
010111
000820
981128
991122
990717
990929
991009
991228
981123
011012
001101
000426
980809
981116
991019
001123
981030
990809
980523
010509
980303
990316
990512
980606
981221
010320
990928
990823
000705
000720
990611
001025
000420
990702
980820
010702
010711
001207
000724
010305
011209
980914
010119
990904
980413
010403
980726
000725
980928
011209
980418
000301
001124
011217
000526
011123
010423
000623
010706
980408
990701
991023
990123
991127
000312
990603
990618
990718
991115
000730
000830
990413
980111
000802
010602
990729
000207
990531
990317
980201
990606
990323
000116
990923
991022
980122
991012
010611
010724
990107
000210
000519
990315
010725
010612
990222
980306
980615
000205
990812
990816
010412
010216
990202
990511
981202
010618
990720
010823
000512
010410
010930
990823
990315
980829
991214
980825
991002
981230
010121
981106
000229
990810
990712
980210
000107
010821
981008
000907
011112
010814
010704
000805
980906
001119
980317
011101
990705
010831
010902
011101
980801
010814
010727
980516
000607
990118
000311
980226
980210
000422
980110
990105
991118
010305
980913
980109
000415
980303
980502
010202
010112
001105
010207
990331
001118
010227
001222
990426
990316
990206
000714
011223
990622
001017
980806
000609
991201
990310
991101
980107
000417
990625
980713
000113
980201
010926
980309
001127
000408
010401
980924
980905
981130
990709
990314
000630
010414
991223
000622
010807
990814
980711
010830
980403
000611
980707
000807
991220
981215
010618
000319
000203
001222
991129
000918
010608
000818
001115
991127
010810
990725
010619
980830
981201
011203
981109
000128
000214
010609
980720
990202
000307
990516
981223
000628
001002
980829
990304
980429
980828
000111
000315
001109
011202
980622
010105
011016
011111
980627
010529
990323
000903
980306
980904
981126
010320
980818
011018
000502
011214
980908
010423
001025
980410
980320
980109
990328
000120
980124
990401
001017
981002
001031
001008
990207
000510
010102
990926
980502
000421
990616
001006
980113
991027
980215
980519
981005
981007
980126
011011
991129
010726
980325
001128
980403
981001
010624
981001
991123
010409
010322
000517
010728
000911
010727
010108
980722
990503
991010
001116
980129
010801
010422
991017
991231
990226
000331
980319
990331
000609
010922
000929
000503
981129
010619
010817
980201
010216
001009
000804
000925
010703
990315
011013
990101
000822
010606
981212
000905
990908
990828
980126
990605
980523
010418
990515
980228
011228
010902
000702
010730
001209
990819
980602
981016
981013
010519
010813
990102
000225
980503
000414
000202
981225
000325
000219
990131
001129
000123
981117
000725
980121
981012
010920
991215
990219
980713
980826
991007
981223
990225
010526
000705
010403
990818
990423
010530
980331
981007
991224
000612
000502
010520
980104
000310
010509
991014
990807
000504
980228
001120
991120
990106
010215
000402
000710
980510
990414
000315
000116
000720
010411
010706
981214
990918
010408
001023
990717
010524
981004
980918
981203
000302
980518
000603
980723
011016
000131
990422
980703
980130
990606
001119
980321
000325
010623
981023
000102
001228
981107
000904
000730
981201
000210
010902
000624
980115
980609
990325
990330
011121
980911
000807
991130
990430
010125
000513
001115
000602
980121
990402
011121
011013
010303
980825
010502
010310
990312
010906
990112
981128
980818
990604
990504
011123
000811
000521
990311
010704
990213
000129
990215
980718
010711
991116
001214
010616
990920
990721
010111
990615
980611
990509
001004
990723
990801
980916
010923
000930
010617
001019
011208
980911
001227
990829
990508
980316
990223
990115
010713
980616
980502
991230
980111
010610
011015
991210
001009
001230
990730
000308
980327
980116
980815
991028
000627
980817
980215
001006
981109
001104
000312
000817
001225
010918
011205
001207
000923
011229
990613
010409
980403
010616
990413
010216
980507
980219
981218
011112
001120
000820
000213
000814
001231
000713
990114
010523
010910
981231
991118
981215
990816
990228
980913
010928
000220
010429
010823
980918
000902
000131
010716
981028
010410
990703
980924
011102
981018
980731
010924
990411
980331
991122
980224
990703
990712
010721
010208
010903
980419
990518
010330
990227
990925
000514
000215
011114
980304
991018
980705
010224
001007
991005
010307
000701
000308
010426
010622
000213
990910
010909
001106
001228
990827
011204
981009
980524
990422
990721
990827
990909
980314
991120
000227
001116
010319
001228
990904
990531
981020
980402
980913
990428
000726
010424
000922
990103
990219
001030
001014
990403
990602
000720
010922
990723
000506
980608
991107
991104
991004
980516
980220
010331
990514
010902
010122
980213
000929
010201
980923
980906
011231
000814
980920
990518
010121
991111
011220
990104
981207
010402
010527
990116
990921
990429
981111
991009
001109
001209
991218
010709
980702
010525
981018
981116
981219
000929
000331
000223
980610
980320
980205
010725
990812
001222
011005
010916
990821
990813
001031
010518
980128
980303
001119
981128
010711
990129
980606
990527
991229
000427
980517
000526
001229
011211
991030
981208
981220
990618
990718
001105
981204
000620
990112
990709
991004
010327
991213
000317
000628
990930
010215
980108
990424
990428
000905
990706
000303
000822
980929
011119
001107
011213
001111
981227
000724
000514
990811
991202
011106
981219
990218
010515
000425
010216
001020
000410
980322
980117
010529
980121
980805
981108
980518
001104
991008
990423
000113
990115
000609
990325
011130
991119
981217
001219
000630
000220
010904
980727
990728
000821
000805
980729
000719
990516
980530
991023
000613
990223
980212
990212
980806
011119
010219
010218
010514
980220
981122
010205
000704
990202
010518
990822
011023
001206
990708
990517
980111
990616
980402
010226
981006
981107
001115
010706
990622
010303
990620
011221
000609
010822
980405
001017
991027
000623
010911
000714
010909
001030
011026
010201
990315
000603
980926
981107
980226
010304
000806
980525
990102
981226
001128
010217
010409
980320
980714
000122
010309
000313
981001
980713
980706
990304
000827
990109
000529
981225
000830
010210
000727
990705
010228
010320
011116
001018
010329
010211
010810
991210
991219
990901
010609
980307
981025
991210
011101
980119
001209
001125
000820
990423
010623
990630
990412
990118
991226
000225
990803
011219
990825
010306
010118
981001
980405
990403
000218
001231
991212
000826
010521
990504
980112
010520
011021
001210
010916
010323
000224
000828
001210
010602
010102
980904
990416
010419
990923
010427
000617
980917
991205
991211
000317
980906
980523
000808
010202
000821
980730
001123
990125
010909
980923
001009
000117
010205
010822
000804
980710
000114
980608
000901
001028
980709
000923
990728
980718
010415
010309
991014
010911
981121
980527
010313
991107
011112
010520
980223
010909
010731
011212
001225
981011
981118
000322
010723
000829
990710
000707
980429
000728
990503
010801
990222
980531
980428
010628
010714
001012
980322
990311
990122
000617
000816
000910
990218
991213
010720
980328
001103
991001
980531
991201
990520
010523
010908
011016
000121
010504
010813
990730
001210
980105
010224
990109
010622
011204
010320
990204
990715
990123
010820
001108
981016
000430
000318
001010
000910
010705
010518
011025
980518
990820
980512
000906
980622
001203
990611
010110
010318
001022
980707
990405
980402
980723
011124
980924
991130
010511
991230
000131
010216
010928
010301
011216
991121
000512
990802
990713
000506
010818
980203
980321
010621
980224
011211
990715
990904
981031
980227
990616
981002
010227
000927
001021
990727
980109
010309
980528
990805
011209
990521
000323
001225
010701
010827
000406
001121
981204
000225
980919
000513
990731
991026
991014
980715
010627
980912
991213
010429
000814
000920
010830
010718
980529
000715
000405
010622
990419
010812
000615
010316
990701
000327
010903
980625
990519
010721
001215
980520
990714
981216
001230
000726
991217
010714
990408
990203
000602
000313
980705
991217
990914
980701
990921
981120
010801
981127
010912
990817
990226
991112
011219
010218
980923
990906
990928
010917
980423
010609
990904
981007
981106
990305
000926
010415
990330
010222
980220
001030
001203
010502
000116
010331
980824
010109
000304
990610
001104
990623
981228
990405
001225
980916
011111
991115
980924
990308
010609
990114
010430
990730
980626
010705
010327
990702
010124
000116
011111
000820
000923
010703
010619
000401
000212
990114
011110
990627
010108
980419
010423
990802
000712
990402
010213
010902
990507
990721
001019
980124
980905
980802
010307
000613
980501
991112
010909
000507
001205
980528
010914
990619
990227
980613
990726
010728
990331
000525
000704
980511
991008
980926
001204
010328
000806
011120
011018
000427
991210
990114
990710
991016
011104
010525
990221
990411
010604
980424
981114
011114
000809
000131
010921
010511
000916
010415
001207
000509
980503
000216
010717
011015
010313
980629
000226
010602
980525
010326
990805
981207
001102
990417
000813
990322
980328
990422
000608
980317
980828
010117
010121
010620
990413
011214
990508
990430
990523
000618
010516
011017
010927
991022
010328
990919
000828
990410
981205
010215
980820
000427
991030
010603
000922
010212
010305
980519
000311
980314
011006
991208
990528
000528
991128
980220
990421
980119
011211
000313
001223
980528
000328
981125
011112
010930
980918
980627
980125
990715
990316
010530
010128
980606
980812
990823
010324
001013
980724
981119
000702
990319
991025
980628
990519
991005
990719
001004
010321
000401
010102
981202
001006
000607
000906
001001
011019
000601
001016
010227
001204
991113
001102
981030
980925
001215
000207
990531
011107
991112
000403
980621
010510
981026
990508
991111
980701
991019
980809
010709
010710
991126
990318
010606
980303
980919
010308
981203
010718
001219
001009
010810
981208
981126
011003
011211
000421
990720
980110
990530
980812
980223
010731
010323
000522
980322
990610
990823
980222
000217
990910
000611
991215
991017
990713
991101
000324
981213
000218
990830
980718
010418
000911
000319
980827
000130
990717
000708
011010
000911
000724
000928
011009
010109
990309
000227
991102
990418
000220
011031
011019
001129
981201
991223
990518
980708
010405
990926
990124
991211
990425
990518
000906
990708
000802
000830
011019
000504
980526
981201
000127
991222
010123
990206
990402
010501
010323
991008
990603
980618
000731
010831
990909
980602
990709
990604
000406
000312
011011
991230
980707
981217
980720
981118
000724
000912
011119
990625
010210
001012
991221
980924
011117
000126
980424
990609
991025
000414
980711
000112
990803
000630
980819
000603
990701
980516
980510
000707
011126
000922
000813
000708
010610
980403
010228
980211
990212
010816
000913
980305
000108
980520
000501
000830
001230
980820
980409
001218
010722
010302
980118
010709
991227
991121
001203
991121
001016
990202
990706
010801
001214
010401
990411
990206
011120
011013
990311
010724
010610
010307
980308
990103
010711
010922
000414
980206
980503
990422
001123
010326
001103
010622
980420
991229
980128
980921
010208
980905
010102
980108
011004
000324
000102
001117
000727
991016
980404
000223
011003
011102
001212
010530
990812
990129
990424
000412
980706
000612
990328
980424
010117
980329
980107
000709
010202
010921
001001
990602
991119
991101
980831
980124
000126
000725
980118
000201
011028
991016
990302
980502
980209
981208
980816
001218
011216
990611
980109
980116
990927
990119
990607
980522
000224
990625
000211
981011
001203
980902
990123
000910
990122
980519
010223
000125
990112
011026
010629
980827
980510
990825
000518
990525
990501
980503
990314
010612
000913
000930
980909
010612
000312
010624
010223
000811
990426
010630
001130
990723
000324
000830
990826
000707
980320
011109
991213
000314
000419
000301
000419
001026
010522
991014
981025
010114
991212
011115
980217
981210
981208
010626
990207
001130
010227
010403
980908
001106
981128
990226
980430
010703
980105
010707
990507
010419
010127
980913
000411
011111
001029
010825
980619
011007
990207
000827
000228
000917
981126
000106
980628
010119
980225
990823
990111
980421
980724
990912
980805
000801
990125
991206
981117
981113
990219
980518
010723
001028
010613
001111
980708
980827
990716
010723
011124
980119
990809
980902
990711
990722
991210
011224
000221
000208
010316
991214
980815
980603
981010
010317
011010
980312
980215
010624
000310
980213
010522
991120
001018
990915
000129
010720
010312
010329
010823
000420
000522
991222
991218
010629
010202
980317
981017
010530
000229
990426
000830
990330
980430
990113
990224
980613
981214
000217
980607
980922
001001
980701
011112
990119
981014
010816
980609
981027
000520
991129
011204
991205
010205
990709
011028
010622
981006
011021
981018
980708
981024
990606
990324
010218
980912
980219
001027
000704
001219
980209
980415
980719
990220
990107
000323
000917
011207
011219
990805
001013
990101
990407
010410
010503
000226
991023
990802
010122
990703
981125
990808
981108
990218
000408
000811
990914
990325
981031
011104
010202
981201
980512
011007
000303
011025
990324
981004
981201
980920
000330
010214
991106
010105
990331
000909
980701
990905
010123
990726
980803
010723
000529
001227
980923
001014
980110
980803
980103
980625
011207
981015
010430
990514
010106
980313
000115
010127
010428
000118
000330
010812
011130
001231
010627
011109
000918
001019
011111
991121
991018
000213
010803
000803
980506
010129
010310
980517
010320
000424
010518
000123
980505
000509
000601
000713
000710
011027
990107
981218
980302
990117
011028
980316
981022
981030
000717
991204
991006
000730
010316
990421
980118
980827
980924
000406
981005
981021
990830
990724
980829
000414
990803
000630
010129
980925
980805
991103
011116
010103
000205
000910
011122
990418
981224
980924
011218
000308
980820
980423
980807
980513
000520
000422
010807
000803
000206
010425
991217
981123
980916
000822
000109
011228
000313
980303
001203
990521
990924
000628
000626
010617
980313
990120
010706
000305
991119
000629
990506
010408
010616
000710
990802
980325
981123
980518
010506
010611
010401
990131
990214
990321
990122
980203
991212
000715
010410
011108
000620
990315
010413
011106
980826
010806
980510
980912
990508
010424
980818
011102
000929
981104
010531
980608
980114
980929
010702
980121
010604
000411
980914
990908
000812
001227
980610
980727
001118
990227
001126
010531
990323
990905
000401
990607
000522
011101
010306
001011
990419
980620
000801
990526
980223
980614
000121
001016
011103
990517
011208
000627
010421
991006
980327
980524
001004
980912
990515
000414
011109
010926
001029
990804
990520
990105
990419
011122
980217
010423
990910
011011
010817
980926
001222
980718
010924
000515
011215
981201
990717
981223
000411
010927
010311
000806
990927
010501
981027
980713
010310
010209
000321
990424
990322
980219
990914
010715
000305
990315
011116
980303
000221
010714
010824
990412
010721
010809
990528
010428
001016
981004
991117
980402
990723
010419
980818
010813
980516
980214
990220
010811
010826
000208
980514
010505
010622
990508
990102
990216
990217
000306
001213
000616
980906
980816
990207
980914
010520
001019
010217
980117
990401
001017
000621
990102
001208
011020
980303
980912
001022
010826
000808
010409
001218
011006
000317
011024
980323
010426
001117
010814
000723
990418
011013
010529
991005
990623
010818
980508
990805
980921
990722
991211
000418
990106
990416
010530
980703
010509
010219
990217
990124
991217
000508
010114
980728
991029
011201
010719
010825
001230
990816
000326
000709
001207
010524
000207
990813
000429
000813
990419
010723
011111
011019
980128
001024
991101
000221
980410
001116
990226
980911
980429
990325
980929
990913
981115
981111
980916
980522
001201
000603
980813
000808
011125
001023
991201
990704
991011
010111
010630
010211
000505
980217
010511
981030
001218
010213
990126
980223
980212
980226
001123
980909
981206
981217
000704
010617
010911
990525
010525
990103
990624
010108
000819
990219
011005
980622
980228
010822
980502
980908
990227
980830
010114
990925
990504
010202
010221
980503
010228
980105
991207
981224
000420
980405
990203
990920
990414
011219
011111
991003
981215
000929
990101
991230
001021
000308
010117
000303
010129
010705
981105
010201
011207
001123
010902
000421
980417
000807
000330
010127
000725
980304
990529
010803
010903
991121
990122
010622
011218
010830
980625
980623
000801
000413
000517
981024
010606
010423
980407
010816
991209
990504
010411
990501
000127
980815
000419
000629
991003
001205
990408
980630
010125
010506
980214
981025
001115
001224
990702
991202
000116
980319
990721
991014
980422
990726
001228
980117
990927
991121
980319
000806
990916
990920
000527
000624
000628
980206
991024
000422
000922
980405
000727
991007
990813
011126
010221
980803
980503
001118
981215
011216
980501
001127
980607
990526
980601
990314
010428
000708
001128
010923
001219
000105
000316
010301
011218
990302
010626
010221
000402
000222
981130
010711
001111
010329
000127
000513
981105
980327
010222
000210
000910
000424
980720
981101
010630
000524
991010
991120
011019
980224
981019
010622
011013
990701
991229
990926
000527
010526
990509
991007
990807
980601
010123
000121
000618
010515
010227
011017
990623
980715
990319
990201
000224
990501
980313
000813
990206
010310
980523
980213
991028
990215
990629
011102
991020
990905
980918
000202
000415
000709
010111
000524
011119
990419
981103
000227
000610
990617
990807
980713
000128
991129
001028
010214
011207
010811
990911
000611
001029
990724
011113
010922
000924
000703
980217
000812
990621
981207
000110
010727
000416
990417
991030
000309
980716
010715
990614
990210
000318
001021
000818
981220
980811
980323
010516
000503
010110
010704
990517
990322
990814
990816
990924
000127
000510
990426
000720
000617
980902
991113
000428
990813
010629
980310
981022
980321
000429
010110
990914
000325
010808
000421
981005
011225
990211
990915
000523
991128
980617
000526
990223
980312
011209
010807
990227
001214
001130
980409
000617
990510
010708
000107
001001
010217
990614
990616
990826
000626
000611
990731
991206
010423
990813
990301
010106
010620
990413
990327
000618
980420
990626
010310
980228
980911
010826
011121
980805
000304
990101
990429
981118
010926
010813
980314
980417
980716
001208
990925
001218
980716
990321
990613
010702
980611
991013
980822
980703
980329
011016
010803
980120
980422
000507
001008
010211
990118
990520
990120
010629
011025
010924
010301
980126
990908
001004
990512
980221
000712
010508
000924
981024
010719
000511
011123
000604
991211
000919
010709
991005
000609
001221
010901
011025
010604
000508
010629
010731
010622
981102
980930
011227
000909
980206
991107
990902
001222
001124
990118
980523
990223
000315
000702
990815
010417
000302
991204
980919
990518
011011
990107
981028
981217
010414
000615
991223
000210
011213
000820
000423
990529
990328
000411
001223
000310
991228
980703
990430
980721
990814
980905
980316
991008
000404
990401
991214
990223
011215
991127
010214
991126
000103
981202
981122
010321
000902
980626
010325
000830
000226
010428
010823
990625
000521
980121
981031
990329
991103
000719
980220
010629
010123
010428
010728
991031
981108
011021
001121
001214
010627
990320
010601
980502
001211
000207
011124
990915
000913
980922
990212
010429
000402
000411
011027
991103
991027
990427
991123
000709
981104
000611
000707
980103
000224
990728
010125
010224
990129
990606
010416
990530
001103
001108
980404
980820
000801
000611
000430
980118
000817
011023
010909
980604
010325
000210
011024
980904
990331
980202
981104
011206
000205
000908
000413
010208
011129
980423
980729
001101
980417
000629
980417
000126
980916
990724
990311
980504
010617
980719
990718
980410
990525
000918
981117
990911
011223
980821
980608
001005
981104
990409
990225
980411
011023
001019
980714
980723
980911
011112
010622
000208
990219
001121
011208
000210
990429
990701
980410
990605
991024
981027
000315
990523
000325
981217
980521
980303
980901
010825
001118
981012
991022
980707
990809
001031
000328
011216
011009
990313
981007
980117
990620
980515
000911
981224
980323
990723
990519
980320
980817
980824
990215
980303
991031
000104
010212
000709
990620
980221
980212
001004
980414
011008
990714
991001
000621
991206
981210
990821
980103
981102
981225
010728
010923
990624
990311
010609
010905
990403
990921
981229
001222
980701
000506
001226
010730
001105
010325
010509
011005
010809
010420
000125
980301
000503
010829
010304
010725
000910
991203
000523
980712
990614
001022
000430
010107
011003
000320
011211
000624
010528
000525
011226
990226
011009
011206
000924
010510
010817
000323
980619
981012
010601
010411
010406
981104
980317
010918
001114
990904
010525
011111
991201
991122
000430
980809
991211
990403
980825
000205
000630
000522
000802
011222
010714
000319
000618
980621
010314
990907
991129
990411
010928
000525
010930
000525
980408
990731
000815
001025
981212
981223
980713
990311
000913
980111
000503
980402
000726
011207
000808
001211
000820
990109
001122
990306
000410
010423
980201
000721
010219
980222
990206
011213
990225
980905
980815
010504
980830
011029
990316
010131
011121
000519
991124
010813
980722
990727
990416
980909
980910
000908
981014
010428
981111
990331
991226
990707
980407
000715
980311
011208
991011
010728
990519
990424
991103
990312
980320
010317
990902
981227
011009
010518
010203
011010
000827
010614
011010
990305
010915
981202
980316
010717
990204
980816
990402
000222
980614
000528
011227
011017
990503
991117
000226
000907
000201
011110
000911
991019
000702
990212
980111
010214
000512
011127
010320
991010
000311
990728
010820
991004
011008
980304
010321
980709
990125
980609
981119
990303
980615
990522
001206
990813
010105
990317
000224
010122
010514
980407
010218
980205
980119
000930
981107
000206
990718
010120
990623
000820
980906
990208
980426
990423
010827
000807
001227
000501
010726
000127
980720
981017
000901
010418
980706
010105
001119
980225
010711
000227
010729
011213
001206
000404
991024
000508
010403
000712
000811
011125
991211
000708
000605
011018
991029
000301
990527
990718
981211
010304
000804
990805
010128
010628
001014
010426
991113
980527
001225
981003
000513
980914
980722
001209
010401
010409
010318
001007
000224
011124
990206
990211
980307
010728
001205
010822
000506
990814
000524
001023
000617
991003
990928
980606
000622
980831
010622
010505
981031
991127
990616
980821
991209
981117
010506
011212
001119
990527
990218
990324
990423
990915
010330
980716
990603
010718
990810
010913
010728
010324
980307
980423
991009
990425
990402
000709
991129
981225
990308
991103
001203
991030
010422
010820
000427
990908
010903
001016
990111
000617
990102
980309
010517
990803
000107
980303
000528
991222
010108
990423
011106
001016
011217
010508
000610
990517
990505
980724
000309
980710
980617
990811
990825
000922
010909
990317
981128
980228
980810
980929
010417
000426
000828
990517
010310
990113
000927
001227
991127
011223
001006
000413
980417
000716
001001
980807
001212
990812
990212
990102
990902
010507
980606
010422
980829
000701
001127
981110
010706
010523
001214
980220
000804
991011
011216
990316
010906
980625
010120
980908
991115
990813
000804
990104
981130
981202
980525
980405
010622
990107
980928
980620
011027
990213
010829
981012
981113
010120
000228
980920
000927
991115
000315
981007
010215
010729
010525
010914
010118
990328
010313
980828
991023
010214
000711
010815
010304
980909
011122
990218
001028
980531
991109
010510
010523
010113
000928
990108
981209
981201
990824
000330
000722
011108
991001
000911
000531
990814
991005
990202
980714
000308
000716
000119
011004
980721
980216
980113
001106
000701
990629
001022
000512
000701
980224
981125
010611
990226
980629
990324
010111
990806
000711
001008
000225
980301
001024
010305
000926
990720
991029
000715
010518
010831
001020
000713
980619
991125
990812
990909
990314
000727
980128
000309
010731
010413
011221
001002
990803
000504
000717
980511
990617
990604
981208
990511
980705
011231
010325
981106
980719
980131
991006
990123
010319
980203
010806
000723
001114
990714
990721
000728
980122
980705
990126
981225
980823
990516
001222
010617
981127
980523
980606
010109
011020
981112
990520
980707
991224
991129
990623
010213
000415
990309
011010
000119
010705
000810
010816
010303
011001
990331
010526
991101
010705
010414
001110
990324
010904
990622
990716
000627
001219
980626
010924
980806
011206
011231
991021
000127
010122
010822
000408
991114
000510
980208
990216
980427
980307
010314
991214
980623
010804
990421
981116
000118
991107
010101
010914
010819
011201
011029
990319
991109
000731
000807
001120
990818
980219
990510
980330
010618
980215
000110
000814
990930
011109
990109
990920
010819
991203
000917
001220
991105
000711
991003
011108
990930
990614
000229
980528
990603
990903
000130
000225
011125
000915
000722
010221
990504
000421
990816
000918
001031
980629
980725
001001
990618
990720
000913
000721
990709
980618
991015
010125
000907
010304
010416
980527
010101
980830
000104
000222
991213
980720
000903
981117
980917
980709
010721
980106
000108
990112
010424
980111
990524
010425
011217
001203
000919
980429
000425
010702
010820
010508
991222
991030
010913
000309
000123
990306
980928
980131
010301
980311
010315
011227
990914
990907
000417
981019
981018
991030
000713
980214
981204
010226
990425
010527
980501
011106
010927
990425
010915
010510
011229
991207
980309
000716
000706
010518
000112
990428
991109
001217
991022
001217
000520
010928
010705
000827
981206
000314
980521
011026
000415
990804
001003
000909
010816
001206
000707
010117
000219
010817
010316
990515
000428
990827
990206
011103
990131
011105
980707
000411
010212
000625
010721
000924
980728
010912
011120
010306
000611
000427
000708
980914
010929
010819
991126
990716
981114
990530
990118
990720
011217
980430
010407
981227
010729
000501
980214
010916
990105
991103
980216
010413
000924
990512
011220
990630
010216
011204
990507
981218
990806
000206
990313
991108
981103
001008
980601
990102
000707
990105
980110
001110
010401
980527
980218
980529
000125
990211
991124
011025
990416
001103
010830
011030
010803
990312
010228
990621
981117
980117
990121
980816
010331
980502
980425
010724
990618
010216
011112
980923
980813
010509
000218
990425
990110
991014
990728
010515
010417
980523
010526
000616
990723
990716
011203
010805
980124
001116
000103
001019
000122
000525
990201
990626
990501
991209
010425
010505
990703
010503
010111
991120
000914
991117
990428
990929
980304
981028
000802
010914
010131
980828
010906
990131
010726
000907
981008
010102
981023
001112
000305
990707
990604
001217
010222
980921
980113
010805
981031
980210
981110
980225
990413
990517
990707
010203
011120
991014
980429
981002
980220
001212
000527
000222
980729
991101
001124
980503
000810
981215
011109
990112
980923
010714
010622
011218
980303
000303
010814
990815
001011
980803
981109
980817
990212
990727
000623
000312
981012
990803
001008
001220
990922
010904
010512
000222
000914
011212
980925
010813
990813
981022
010201
981224
000905
010102
011216
980803
980920
010601
000609
010624
000822
000925
990418
980415
990508
000229
990304
990617
990724
010729
990604
990115
980915
990414
000112
010310
990704
010606
000222
010116
011226
990103
980205
000829
010810
010711
980606
000412
980430
010201
980513
000605
990223
000816
981119
981209
980308
010118
990919
011210
000422
000702
001204
000117
000731
010424
981012
990620
011012
990219
980829
990429
980418
980915
991224
980119
011220
990225
000118
980310
981006
011003
011229
990131
990212
980813
011105
010531
980420
990122
001209
001206
010921
000802
000331
000226
980512
001026
000202
990928
010403
980426
981025
991012
000624
000731
000318
990326
000412
980629
010422
990511
000105
990625
000816
011031
991118
981203
991004
000714
000602
981127
001031
000116
000303
011125
980607
000408
000303
980604
010406
010803
011212
010224
981008
990211
000229
010320
991011
000402
980703
990713
990903
991110
010813
990617
991010
000607
991024
990324
010921
990519
980904
000816
010115
980724
980514
010904
991027
991017
980223
990916
991012
980928
010508
000110
990311
990222
990318
990214
000613
010113
981116
990225
011106
990713
990923
011005
980420
001114
011112
010211
991107
010117
990720
990510
991005
000407
990625
000104
980813
001122
000106
000625
010724
990625
000406
010424
991216
981106
000309
991027
980606
981215
990404
010704
010305
010522
980410
010221
001217
010427
000624
980708
981116
011216
991017
000411
990810
991204
980128
990610
990324
010515
000207
981031
011013
000506
980810
990307
980925
991005
980208
991015
990117
000408
990515
980109
000907
001202
980224
980123
001101
010225
981112
980930
990308
010912
980112
010818
000116
011203
980715
011004
981011
990527
000618
980430
000305
981109
990511
980721
980719
980214
011101
010315
980702
010909
010310
990209
010125
011001
010708
000623
980330
990824
980116
990520
010825
000627
980326
980216
991031
991008
990207
980222
990218
991102
000613
000907
980816
990316
000624
011026
001128
980623
010604
010102
980407
011005
010629
980611
010830
000331
000101
010831
980725
010409
991031
010508
000402
990305
980216
000611
000228
000409
991130
990502
980126
990310
991108
980824
990329
000528
990515
010124
010601
000618
000402
000824
991129
980113
010205
010411
980605
990401
980203
001118
980917
990406
001112
000806
010120
990420
981208
010910
010902
010428
000817
991230
990815
980505
980724
990128
980104
011102
010706
001004
981126
990515
000118
000816
990604
981116
991213
991228
990915
000504
980803
990501
990121
011010
010219
990222
990703
000825
010507
990808
981008
990316
991016
990813
990323
980623
990312
010212
980731
011016
980725
981112
010511
980213
001214
990430
991007
980115
011222
981021
981123
001216
000510
010620
991230
010208
990518
980222
990604
980502
981012
